--- BENCHMARK DISTRIBUIDO MQ (50.000 PETS) ---
Torre IP: 192.168.0.30

FASE: UNNUMBERED
Workers | Tiempo (s) | Throughput (msg/s) | Success | Fail
---------------------------------------------------------------------------
      1 |      74.23 |             673.58 |   20000 | 30000
      2 |      33.77 |            1480.64 |   20000 | 30000
      3 |      23.52 |            2126.16 |   20000 | 30000
      4 |      18.78 |            2663.07 |   20000 | 30000
      5 |      16.04 |            3117.95 |   20000 | 30000
      6 |      14.17 |            3529.22 |   20000 | 30000
      7 |      13.12 |            3809.85 |   20000 | 30000
      8 |      11.89 |            4203.96 |   20000 | 30000

FASE: NUMBERED (COLISIONES)
---------------------------------------------------------------------------
      1 |      64.57 |             774.36 |    2000 | 48000
      2 |      33.64 |            1486.52 |    2000 | 48000
      3 |      23.14 |            2161.08 |    2000 | 48000
      4 |      18.81 |            2658.39 |    2000 | 48000
      5 |      16.92 |            2955.85 |    2000 | 48000
      6 |      14.49 |            3450.70 |    2000 | 48000
      7 |      13.23 |            3778.87 |    2000 | 48000
      8 |      12.70 |            3937.34 |    2000 | 48000
